2 0.3096607
3 0.4696050
4 0.6487216
5 0.8426449
6 1.046853
7 1.239887
8 1.421804
9 1.587226
10 1.736192
11 1.872862
12 2.001460
13 2.124599
14 2.243602
15 2.359119
16 2.471501
17 2.581000
18 2.687844
19 2.792265
20 2.894511
21 2.994833
22 3.093482
23 3.190699
24 3.286713
25 3.381734
26 3.475952
27 3.569535
28 3.662632
29 3.755373
30 3.847868
31 3.940212
32 4.032485
33 4.124755
34 4.217075
35 4.309494
36 4.402047
37 4.494764
38 4.587670
39 4.680783
40 4.774117
41 4.867682
42 4.961486
43 5.055532
44 5.149823
45 5.244359
46 5.339141
47 5.434164
48 5.529426
49 5.624924
50 5.720652
51 5.816605
52 5.912778
53 6.009165
54 6.105760
55 6.202556
56 6.299549
57 6.396730
58 6.494094
59 6.591635
60 6.689347
61 6.787223
62 6.885257
63 6.983444
64 7.081778
65 7.180253
66 7.278863
67 7.377604
68 7.476469
69 7.575454
70 7.674554
71 7.773764
72 7.873079
73 7.972495
74 8.072008
75 8.171612
76 8.271304
77 8.371080
78 8.470937
79 8.570869
80 8.670874
81 8.770948
82 8.871088
83 8.971291
84 9.071553
85 9.171871
86 9.272243
87 9.372665
88 9.473135
89 9.573650
90 9.674207
91 9.774805
92 9.875441
93 9.976112
94 10.07682
