2 0.3092774
3 0.4685560
4 0.6470696
5 0.8404230
6 1.043860
7 1.236027
8 1.416835
9 1.581048
10 1.728921
11 1.864687
12 1.992532
13 2.115014
14 2.233415
15 2.348348
16 2.460137
17 2.569002
18 2.675148
19 2.778786
20 2.880143
21 2.979458
22 3.076969
23 3.172909
24 3.267501
25 3.360949
26 3.453441
27 3.545143
28 3.636203
29 3.726749
30 3.816892
31 3.906727
32 3.996334
33 4.085781
34 4.175125
35 4.264413
36 4.353683
37 4.442967
38 4.532291
39 4.621674
40 4.711134
41 4.800682
42 4.890329
43 4.980081
44 5.069943
45 5.159919
46 5.250011
47 5.340220
48 5.430545
49 5.520987
50 5.611544
51 5.702213
52 5.792994
53 5.883885
54 5.974882
55 6.065983
56 6.157186
57 6.248489
58 6.339888
59 6.431382
60 6.522968
61 6.614643
62 6.706405
63 6.798253
64 6.890183
65 6.982194
66 7.074284
67 7.166452
68 7.258694
69 7.351011
70 7.443399
71 7.535858
72 7.628386
73 7.720982
74 7.813645
75 7.906372
76 7.999164
77 8.092019
78 8.184936
79 8.277914
80 8.370952
81 8.464049
82 8.557204
83 8.650417
84 8.743687
85 8.837012
86 8.930393
87 9.023828
88 9.117318
89 9.210860
90 9.304456
91 9.398103
92 9.491802
93 9.585551
94 9.679351
95 9.773200
96 9.867099
97 9.961046
98 10.05504
